# Frequency [Hz]              Magnitude [dB]             Phase [degrees]
1.000000000000000056e-01 -3.266936955312153401e+01 -1.339534818523969995e-02
1.063544957486011189e-01 -3.266936961101839643e+01 -1.424655492525715023e-02
1.131127876593921305e-01 -3.266936967650715218e+01 -1.515185154292276667e-02
1.203005349423324211e-01 -3.266936975058330006e+01 -1.611467517346504633e-02
1.279450273207873856e-01 -3.266936983437289399e+01 -1.713868136396379249e-02
1.360752886424333452e-01 -3.266936992914965288e+01 -1.822775795216746014e-02
1.447221870741134675e-01 -3.266937003635427317e+01 -1.938603982720807362e-02
1.539185522990205723e-01 -3.266937015761640595e+01 -2.061792462824741171e-02
1.636993001611702359e-01 -3.266937029477938381e+01 -2.192808944064766202e-02
1.741015652304016281e-01 -3.266937044992823758e+01 -2.332150855304483336e-02
1.851648417912155342e-01 -3.266937062542142911e+01 -2.480347234272914717e-02
1.969311337907422854e-01 -3.266937082392666269e+01 -2.637960736101702466e-02
2.094451143151469796e-01 -3.266937104846145701e+01 -2.805589769485218946e-02
2.227542951999557652e-01 -3.266937130243899645e+01 -2.983870768571455362e-02
2.369092074182633234e-01 -3.266937158972006472e+01 -3.173480609206356245e-02
2.519635929317015077e-01 -3.266937191467165746e+01 -3.375139178701767190e-02
2.679746087325690640e-01 -3.266937228223343226e+01 -3.589612108879265684e-02
2.850030438518106890e-01 -3.266937269799275612e+01 -3.817713682761211119e-02
3.031135501567578383e-01 -3.266937316826967930e+01 -4.060309925938555137e-02
3.223748878149029218e-01 -3.266937370021293674e+01 -4.318321894344818307e-02
3.428601863556585694e-01 -3.266937430190870373e+01 -4.592729170909878172e-02
3.646472223212747776e-01 -3.266937498250345584e+01 -4.884573584358287146e-02
3.878187145610722530e-01 -3.266937575234300795e+01 -5.194963164258187965e-02
4.124626382901352417e-01 -3.266937662312982127e+01 -5.525076347321043746e-02
4.386725591048498685e-01 -3.266937760810081670e+01 -5.876166450903211325e-02
4.665479882234472853e-01 -3.266937872222869288e+01 -6.249566430670976114e-02
4.961947603002903051e-01 -3.266937998244941355e+01 -6.646693940464841466e-02
5.277254352483538025e-01 -3.266938140791972955e+01 -7.069056713540701475e-02
5.612597255954971942e-01 -3.266938302030833796e+01 -7.518258285578896527e-02
5.969249509970735446e-01 -3.266938484412526122e+01 -7.996004081141695752e-02
6.348565216305218639e-01 -3.266938690709443449e+01 -8.504107886629809487e-02
6.751984523072502853e-01 -3.266938924057510718e+01 -9.044498734244346694e-02
7.181039092537351287e-01 -3.266939188003851768e+01 -9.619228223006877354e-02
7.637357916378020306e-01 -3.266939486560708161e+01 -1.023047830453270163e-01
8.122673500479713482e-01 -3.266939824266426484e+01 -1.088056956299655043e-01
8.638828442740447144e-01 -3.266940206254437840e+01 -1.157197002058165253e-01
9.187782428863334738e-01 -3.266940638331290359e+01 -1.230730450166862000e-01
9.771619672696176817e-01 -3.266941127064907135e+01 -1.308936459110644213e-01
1.039255682936712555e+00 -3.266941679884411798e+01 -1.392111922412077041e-01
1.105295141126021452e+00 -3.266942305193054352e+01 -1.480572594776102813e-01
1.175531073878369304e+00 -3.266943012495924847e+01 -1.574654289627604731e-01
1.250230145991455322e+00 -3.266943812544426606e+01 -1.674714152544367063e-01
1.329675967466211972e+00 -3.266944717499680451e+01 -1.781132015367202504e-01
1.414170170289023254e+00 -3.266945741117353208e+01 -1.894311836064506704e-01
1.504033553638024490e+00 -3.266946898956713596e+01 -2.014683229741184856e-01
1.599607301861487807e+00 -3.266948208617093030e+01 -2.142703096512284244e-01
1.701254279852588924e+00 -3.266949690005341012e+01 -2.278857352310721118e-01
1.809360410738716451e+00 -3.266951365638340121e+01 -2.423662769066738942e-01
1.924336141115980059e+00 -3.266953260985162899e+01 -2.577668931084817205e-01
2.046617999391989962e+00 -3.266955404854077472e+01 -2.741460314852307012e-01
2.176670253153459189e+00 -3.266957829830263904e+01 -2.915658499943431514e-01
2.314986671851161137e+00 -3.266960572770891247e+01 -3.100924519132790547e-01
2.462092401494625715e+00 -3.266963675365061448e+01 -3.297961356304224823e-01
2.618545958474232549e+00 -3.266967184767111121e+01 -3.507516601233748310e-01
2.784941350080644806e+00 -3.266971154312871306e+01 -3.730385270838650347e-01
2.961910329772553307e+00 -3.266975644329745876e+01 -3.967412807018073639e-01
3.150124795755327778e+00 -3.266980723052878943e+01 -4.219498261762016367e-01
3.350299341977229783e+00 -3.266986467661270410e+01 -4.487597680773712239e-01
3.563193971228586054e+00 -3.266992965449549757e+01 -4.772727697432205263e-01
3.789616980644717525e+00 -3.267000315153097034e+01 -5.075969349513774764e-01
4.030428030568052655e+00 -3.267008628446572516e+01 -5.398472131688205611e-01
4.286541408420927013e+00 -3.267018031638469466e+01 -5.741458297402023403e-01
4.558929499981061895e+00 -3.267028667587269553e+01 -6.106227424348613653e-01
4.848626481239080910e+00 -3.267040697868100096e+01 -6.494161258293835726e-01
5.156732244854966396e+00 -3.267054305222509214e+01 -6.906728850563483846e-01
5.484416576121017961e+00 -3.267069696328234585e+01 -7.345492004989822021e-01
5.832923594286203439e+00 -3.267087104930543262e+01 -7.812111050539403134e-01
6.203576476104271542e+00 -3.267106795382142082e+01 -8.308350956179758606e-01
6.597782479539536560e+00 -3.267129066644636026e+01 -8.836087804759195086e-01
7.017038286703827232e+00 -3.267154256811331692e+01 -9.397315642736328023e-01
7.462935686310133043e+00 -3.267182748218814936e+01 -9.994153722461036615e-01
7.937167617217550486e+00 -3.267214973223313734e+01 -1.062885415332312178e+00
8.441534596012985503e+00 -3.267251420727476585e+01 -1.130380997738561266e+00
8.977951553033323151e+00 -3.267292643554022646e+01 -1.202156368402923503e+00
9.548455102782293480e+00 -3.267339266774810369e+01 -1.278481617655885971e+00
1.015521127634568010e+01 -3.267391997117413638e+01 -1.359643620155075450e+00
1.080052374516252911e+01 -3.267451633586412640e+01 -1.445947024881480525e+00
1.148684256737553611e+01 -3.267519079453479236e+01 -1.537715292604684869e+00
1.221677348996791679e+01 -3.267595355789080713e+01 -1.635291780735915745e+00
1.299308784200415801e+01 -3.267681616729466043e+01 -1.739040874866888187e+00
1.381873305653632222e+01 -3.267779166695616766e+01 -1.849349165511950055e+00
1.469684386112446006e+01 -3.267889479806293451e+01 -1.966626667597944911e+00
1.563075417945815637e+01 -3.268014221755220206e+01 -2.091308079041561907e+00
1.662400978926611828e+01 -3.268155274453025783e+01 -2.223854073271603671e+00
1.768038178457206655e+01 -3.268314763767777009e+01 -2.364752618739307977e+00
1.880388089340914703e+01 -3.268495090733874520e+01 -2.514520316249777121e+00
1.999877270535284879e+01 -3.268698966637582259e+01 -2.673703742267278916e+00
2.126959386668690044e+01 -3.268929452428317717e+01 -2.842880783109967169e+00
2.262116930469024467e+01 -3.269190002947684093e+01 -3.022661941055318824e+00
2.405863054644064292e+01 -3.269484516512360273e+01 -3.213691588711447888e+00
2.558743520168589214e+01 -3.269817390431573756e+01 -3.416649142440407960e+00
2.721338768375308703e+01 -3.270193583083522526e+01 -3.632250119000554278e+00
2.894266124716751776e+01 -3.270618683216066103e+01 -3.861247031741980251e+00
3.078182142565080071e+01 -3.271098987172743477e+01 -4.104430073462499884e+00
3.273785095948576895e+01 -3.271641584772505951e+01 -4.362627522219735710e+00
3.481817630688966148e+01 -3.272254454586188643e+01 -4.636705793797180952e+00
3.703069584005140769e+01 -3.272946569349313961e+01 -4.927569049938441026e+00
3.938380983288489290e+01 -3.273728012222347417e+01 -5.236158254706658965e+00
4.188645235435270564e+01 -3.274610104547483047e+01 -5.563449552237359264e+00
4.454812518844988745e+01 -3.275605545644724259e+01 -5.910451817630794302e+00
4.737893390963144213e+01 -3.276728565026560602e+01 -6.278203208762271004e+00
5.038962625065150291e+01 -3.277995087174444677e+01 -6.667766520501053229e+00
5.359163290848513839e+01 -3.279422908693475591e+01 -7.080223114542087082e+00
5.699711094326075056e+01 -3.281031887223308985e+01 -7.516665168366093219e+00
6.061898993497572974e+01 -3.282844140910250275e+01 -7.978185956716910887e+00
6.447102107323868836e+01 -3.284884256512791012e+01 -8.465867849865192696e+00
6.856782936641738502e+01 -3.287179503295166683e+01 -8.980767686868695421e+00
7.292496916841444943e+01 -3.289760048736959419e+01 -9.523899161841239192e+00
7.755898323389001803e+01 -3.292659170732133589e+01 -1.009621185058678350e+01
8.248746552614581162e+01 -3.295913459357714714e+01 -1.069856650851511048e+01
8.772912801613355782e+01 -3.299562999464772162e+01 -1.133170629425697662e+01
9.330387172620361014e+01 -3.303651523308629123e+01 -1.199622362357384375e+01
9.923286228832544964e+01 -3.308226520248000213e+01 -1.269252244255875084e+01
1.055386103036523053e+02 -3.313339288301378360e+01 -1.342077583569200883e+01
1.122450568085305918e+02 -3.319044910200896226e+01 -1.418087906065319892e+01
1.193776641714435698e+02 -3.325402134734843429e+01 -1.497239833407757104e+01
1.269635127659973932e+02 -3.332473142888014195e+01 -1.579451598391790235e+01
1.350314037869873687e+02 -3.340323177900645391e+01 -1.664597293313310189e+01
1.436119685999078683e+02 -3.349020019241749679e+01 -1.752500987746923045e+01
1.527377850390714116e+02 -3.358633283013810455e+01 -1.842930894934391972e+01
1.624435010958867167e+02 -3.369233535819606118e+01 -1.935593809160424073e+01
1.727659664669036488e+02 -3.380891215870998678e+01 -2.030130075891059604e+01
1.837443724610726576e+02 -3.393675364161205721e+01 -2.126109386990606609e+01
1.954204007974053354e+02 -3.407652179642456503e+01 -2.223027709239176630e+01
2.078383818579757190e+02 -3.422883424992686230e+01 -2.320305649815245985e+01
2.210454629971021632e+02 -3.439424722781215848e+01 -2.417288532429026304e+01
2.350917875457286925e+02 -3.457323794361543889e+01 -2.513248399421767232e+01
2.500306851906324255e+02 -3.476618704084738454e+01 -2.607388068519164648e+01
2.659188744512693461e+02 -3.497336177829380688e+01 -2.698847262152313675e+01
2.828166780230032487e+02 -3.519490065963844216e+01 -2.786710700740644242e+01
3.007882518043098798e+02 -3.543080015746138400e+01 -2.870017921308510012e+01
3.199018284775063989e+02 -3.568090406599602460e+01 -2.947774464033712505e+01
3.402299765678067729e+02 -3.594489584325447140e+01 -3.018963977007116384e+01
3.618498759642746450e+02 -3.622229408644078319e+01 -3.082560736839403148e+01
3.848436109487429349e+02 -3.651245104718762491e+01 -3.137542078734494666e+01
4.092984818452438276e+02 -3.681455386122305384e+01 -3.182900277338603345e+01
4.353073364731886841e+02 -3.712762796678666888e+01 -3.217653515756479976e+01
4.629689226627262997e+02 -3.745054203994521203e+01 -3.240855715567636963e+01
4.923882631706736674e+02 -3.778201369890495442e+01 -3.251605162367830815e+01
5.236770544204649696e+02 -3.812061523179292521e+01 -3.249052034281414336e+01
5.569540905800130304e+02 -3.846477868424913282e+01 -3.232405110178260799e+01
5.923457145875805736e+02 -3.881279980012691766e+01 -3.200938086761470913e+01
6.299862978380692766e+02 -3.916284053313018632e+01 -3.153996058212719689e+01
6.700187503509590670e+02 -3.951293013088388051e+01 -3.091002799313680427e+01
7.125950633568411376e+02 -3.986096512749079324e+01 -3.011469533887558114e+01
7.578768863625930408e+02 -4.020470895746406370e+01 -2.915005854633177051e+01
8.060361408861346035e+02 -4.054179231142840933e+01 -2.801333374649506780e+01
8.572556731909324981e+02 -4.086971577277407164e+01 -2.670302518381067003e+01
9.117299484984921492e+02 -4.118585667097759995e+01 -2.521912581416668431e+01
9.696657893145521712e+02 -4.148748240710502699e+01 -2.356334787685687715e+01
1.031283160672184749e+03 -4.177177267006609895e+01 -2.173937542235242404e+01
1.096816005273137989e+03 -4.203585286422413958e+01 -1.975312432616374991e+01
1.166513131698196048e+03 -4.227684059352082357e+01 -1.761298821867766051e+01
1.240639159058831865e+03 -4.249190609280425690e+01 -1.533004197926412715e+01
1.319475521676705966e+03 -4.267834601985139642e+01 -1.291816944226482633e+01
1.403321537605484991e+03 -4.283366808769707035e+01 -1.039408054909762669e+01
1.492495545051829140e+03 -4.295568184545390977e+01 -7.777187115567699038e+00
1.587336111010208697e+03 -4.304258888726781151e+01 -5.089316771066886069e+00
1.688203316700362848e+03 -4.309306437229881226e+01 -2.354261237417915265e+00
1.795480124687830312e+03 -4.310632144904408847e+01 4.028240672909358389e-01
1.909573832878096709e+03 -4.308215129196624815e+01 3.156130803100236637e+00
2.030917620904734804e+03 -4.302093395019947764e+01 5.879963362595839627e+00
2.159972194782716997e+03 -4.292361867356576965e+01 8.549494956731257034e+00
2.297227536071151007e+03 -4.279167612588587843e+01 1.114145126221055548e+01
2.443204762186486732e+03 -4.262702813868453688e+01 1.363467046105523472e+01
2.598458104929247384e+03 -4.243196277347368550e+01 1.601050738156781605e+01
2.763577014736157707e+03 -4.220904315179838306e+01 1.825307107572565712e+01
2.939188398646884252e+03 -4.196101785755757874e+01 2.034930507486378204e+01
3.125959000482278498e+03 -4.169073908223637659e+01 2.228893448449531789e+01
3.324597932270938145e+03 -4.140109256598555021e+01 2.406431253535111736e+01
3.535859366535175923e+03 -4.109494125287355359e+01 2.567020142465074883e+01
3.760545399658168208e+03 -4.077508276282134148e+01 2.710351962695295569e+01
3.999509097203661440e+03 -4.044421945718382005e+01 2.836308215678632294e+01
4.253657732750382820e+03 -4.010493906836132538e+01 2.944935326050947566e+01
4.523956232538048425e+03 -3.975970351042548856e+01 3.036422402632454620e+01
4.811430839003254732e+03 -3.941084347784430975e+01 3.111082125164855938e+01
5.117173007114599386e+03 -3.906055665801823551e+01 3.169334897836254683e+01
5.442343548300260409e+03 -3.871090773262756102e+01 3.211696046891773193e+01
5.788177037701269001e+03 -3.836382875040038698e+01 3.238765594147097460e+01
6.155986501483501343e+03 -3.802111887210993046e+01 3.251219992905547684e+01
6.547168402004743257e+03 -3.768444288870773562e+01 3.249805149025986140e+01
6.963207939763889954e+03 -3.735532827898634878e+01 3.235330051891948955e+01
7.405684692262441786e+03 -3.703516089370798881e+01 3.208660395455236625e+01
7.876278611187062779e+03 -3.672517962040723916e+01 3.170711668561365215e+01
8.376776400682923850e+03 -3.642647058874316457e+01 3.122441327458080806e+01
8.909078300934143044e+03 -3.613996161199640511e+01 3.064839821979899526e+01
9.475205302806547479e+03 -3.586641761922457050e+01 2.998920418708716085e+01
1.007730682094461736e+04 -3.560643781165984478e+01 2.925707935631248446e+01
1.071766885445503431e+04 -3.536045517920400982e+01 2.846226658352921390e+01
1.139872266616052548e+04 -3.512873884892867693e+01 2.761487833091166522e+01
1.212305401337652802e+04 -3.491139952541087155e+01 2.672477214329490991e+01
1.289341296525715734e+04 -3.470839804643269844e+01 2.580143177668892562e+01
1.371272434398400765e+04 -3.451955684363201726e+01 2.485385889601059972e+01
1.458409882943986304e+04 -3.434457389149763173e+01 2.389047960548348826e+01
1.551084476952840487e+04 -3.418303857009306768e+01 2.291906905971759301e+01
1.649648074098020516e+04 -3.403444876980705658e+01 2.194669616694393355e+01
1.754474890833459722e+04 -3.389822853410640846e+01 2.097968909141279781e+01
1.865962923181746010e+04 -3.377374556412962647e+01 2.002362103161653195e+01
1.984535457805803162e+04 -3.366032798586655161e+01 1.908331470696048271e+01
2.110642679101554677e+04 -3.355727989157864499e+01 1.816286319936719806e+01
2.244763378413223836e+04 -3.346389529587617773e+01 1.726566429691873594e+01
2.387406771860647132e+04 -3.337947027861488891e+01 1.639446526524460168e+01
2.539114433680347065e+04 -3.330331320954870478e+01 1.555141499223889667e+01
2.700462352420682510e+04 -3.323475305522254075e+01 1.473812065962948026e+01
2.872063117797828090e+04 -3.317314585239774516e+01 1.395570643194390215e+01
3.054568246515431383e+04 -3.311787949311001000e+01 1.320487206325368135e+01
3.248670655878374964e+04 -3.306837700546828529e+01 1.248594975675337793e+01
3.455107294592218386e+04 -3.302409853432433806e+01 1.179895803482302519e+01
3.674661940736688121e+04 -3.298454223060667800e+01 1.114365176235650168e+01
3.908168177536263829e+04 -3.294924425125276457e+01 1.051956779892227800e+01
4.156512558225987596e+04 -3.291777805688457192e+01 9.926066029427831339e+00
4.420637972028530203e+04 -3.288975317476003113e+01 9.362365738413551242e+00
4.701547224022129376e+04 -3.286481357259422964e+01 8.827577454183419547e+00
5.000306842491089628e+04 -3.284263576645984273e+01 8.320730502418484775e+00
5.318051128214196797e+04 -3.282292676446630963e+01 7.840796582515690005e+00
5.655986461065002368e+04 -3.280542192812371383e+01 7.386709721534405304e+00
6.015395880274832598e+04 -3.278988281569099428e+01 6.957382977659401391e+00
6.397643955748423468e+04 -3.277609505657567723e+01 6.551722263954905756e+00
6.804181968927093840e+04 -3.276386629298771425e+01 6.168637649305146908e+00
7.236553422869650240e+04 -3.275302421441685397e+01 5.807052471189454224e+00
7.696399902471150563e+04 -3.274341470189196457e+01 5.465910567733613057e+00
8.185467307069020171e+04 -3.273490009214615526e+01 5.144181906882961286e+00
8.705612479099856864e+04 -3.272735756649897354e+01 4.840866860418365114e+00
9.258810253973945510e+04 -3.272067766523240806e+01 4.554999341175421712e+00
9.847160957933764439e+04 -3.271476292525390761e+01 4.285648994076704632e+00
1.047289838236357464e+05 -3.270952663670868077e+01 4.031922605953065286e+00
1.113839826482618373e+05 -3.270489171275033158e+01 3.792964875870505903e+00
1.184618730902682437e+05 -3.270078966575738377e+01 3.567958666873418228e+00
1.259895277795025904e+05 -3.269715968277078844e+01 3.356124841660451885e+00
1.339955269659337064e+05 -3.269394779272403895e+01 3.156721768604628942e+00
1.425102670302996412e+05 -3.269110611806230793e+01 2.969044570545730455e+00
1.515660758900604269e+05 -3.268859220353555628e+01 2.792424176727470897e+00
1.611973357388158620e+05 -3.268636841525223247e+01 2.626226227923320167e+00
1.714406135851971922e+05 -3.268440140345578726e+01 2.469849875994453381e+00
1.823348000868442177e+05 -3.268266162290586152e+01 2.322726511662645876e+00
1.939212572065831046e+05 -3.268112290518684659e+01 2.184318447984464839e+00
2.062439752514092543e+05 -3.267976207771242514e+01 2.054117581722295860e+00
2.193497398905059963e+05 -3.267855862463306238e+01 1.931644050379599076e+00
2.332883097864158335e+05 -3.267749438527666683e+01 1.816444898976683708e+00
2.481126055137770309e+05 -3.267655328615479249e+01 1.708092767578269777e+00
2.638789104828934651e+05 -3.267572110294424448e+01 1.606184608049525231e+00
2.806470846309838817e+05 -3.267498524920539182e+01 1.510340436429944644e+00
2.984807916924327146e+05 -3.267433458892323728e+01 1.420202125603129417e+00
3.174477409109193250e+05 -3.267375927025477722e+01 1.335432241544552756e+00
3.376199441111339256e+05 -3.267325057813830114e+01 1.255712925296725402e+00
3.590739891061055241e+05 -3.267280080366730743e+01 1.180744821908088493e+00
3.818913304781854386e+05 -3.267240312835554761e+01 1.110246056841216689e+00
4.061585988376979949e+05 -3.267205152162159720e+01 1.043951259776339624e+00
4.319679297334173461e+05 -3.267174065000356364e+01 9.816106352814213398e-01
4.594173134636475588e+05 -3.267146579677736895e+01 9.229890794681312460e-01
4.886109671160326106e+05 -3.267122279079916325e+01 8.678653414854985426e-01
5.196597302486196859e+05 -3.267100794352280957e+01 8.160312285045260294e-01
5.526814857144602574e+05 -3.267081799326107472e+01 7.672908527047328509e-01
5.878016072274912149e+05 -3.267065005586320581e+01 7.214599186768340111e-01
6.251534353689712007e+05 -3.267050158107498703e+01 6.783650495957416204e-01
6.648787838417262537e+05 -3.267037031393016377e+01 6.378431504874485514e-01
7.071284778942996636e+05 -3.267025426059612414e+01 5.997408069061187508e-01
7.520629269592406927e+05 -3.267015165816201261e+01 5.639137173488667498e-01
7.998527336796709569e+05 -3.267006094791601356e+01 5.302261577611669940e-01
8.506793416364153381e+05 -3.266998075171022720e+01 4.985504765222724677e-01
9.047357242349293083e+05 -3.266990985105738332e+01 4.687666183446587143e-01
9.622271173675133614e+05 -3.266984716864452309e+01 4.407616755721491808e-01
1.023371798632519203e+06 -3.266979175198474650e+01 4.144294654162024027e-01
1.088401916069005383e+06 -3.266974275896041036e+01 3.896701317273852938e-01
1.157564369553303579e+06 -3.266969944503912160e+01 3.663897699581665224e-01
1.231121748203889467e+06 -3.266966115196944287e+01 3.445000740328965638e-01
1.309353327353609493e+06 -3.266962729778526153e+01 3.239180039004606604e-01
1.392556128874461865e+06 -3.266959736796740543e+01 3.045654726040344373e-01
1.481046048880673712e+06 -3.266957090762876703e+01 2.863690517601837349e-01
1.575159057091621216e+06 -3.266954751460452400e+01 2.692596943958972533e-01
1.675252472408214118e+06 -3.266952683334268670e+01 2.531724741467876738e-01
1.781706319545728853e+06 -3.266950854950231786e+01 2.380463398724433355e-01
1.894924771873819642e+06 -3.266949238517759824e+01 2.238238847956676991e-01
2.015337685941731092e+06 -3.266947809467522035e+01 2.104511293210087897e-01
2.143402233514854684e+06 -3.266946546078096247e+01 1.978773167345361794e-01
2.279604637318977620e+06 -3.266945429145897606e+01 1.860547210312525901e-01
2.424462017082325649e+06 -3.266944441693348011e+01 1.749384661588569145e-01
2.578524352884271182e+06 -3.266943568710863843e+01 1.644863560068201003e-01
2.742376573264946695e+06 -3.266942796928753268e+01 1.546587145079668102e-01
2.916640776023700833e+06 -3.266942114615537207e+01 1.454182352560087765e-01
3.101978590138093568e+06 -3.266941511399654985e+01 1.367298400768295341e-01
3.299093687770935707e+06 -3.266940978111824734e+01 1.285605460238366804e-01
3.508734455902714748e+06 -3.266940506645684650e+01 1.208793402984543047e-01
3.731696837732755579e+06 -3.266940089834582039e+01 1.136570626258969485e-01
3.968827354637166020e+06 -3.266939721342640013e+01 1.068662946438199979e-01
4.221026320156903006e+06 -3.266939395568458337e+01 1.004812558873676015e-01
4.489251258218607865e+06 -3.266939107559971234e+01 9.447770597859170283e-02
4.774520538566131145e+06 -3.266938852939174609e+01 8.883285265128725017e-02
5.077917243205402978e+06 -3.266938627835583020e+01 8.352526526403797336e-02
5.400593278542373329e+06 -3.266938428827393892e+01 7.853479347476732819e-02
5.743773748826586641e+06 -3.266938252889478633e+01 7.384249076940661849e-02
6.108761607505039312e+06 -3.266938097347394176e+01 6.943054255548657128e-02
6.496942604146124795e+06 -3.266937959836734251e+01 6.528219854860120575e-02
6.909790545715644956e+06 -3.266937838267186578e+01 6.138170919582585511e-02
7.348872892180387862e+06 -3.266937730790760241e+01 5.771426589536791246e-02
7.815856707684091292e+06 -3.266937635773693671e+01 5.426594478602993210e-02
8.312514989890632220e+06 -3.266937551771618331e+01 5.102365389352523511e-02
8.840733401525063440e+06 -3.266937477507610055e+01 4.797508343335498554e-02
9.402517429670132697e+06 -3.266937411852767781e+01 4.510865908187620260e-02
1.000000000000000000e+07 -3.266937353809063183e+01 4.241349803840641086e-02
